## UTC 時間

year, month, day, julian date, winter solstice, new moon
1384 12 21 2226910.5004882407 (1384, 12, 21, 0, 17, 7.50607430934906) (1384, 12, 21, 7, 34, 54.63340491056442)
2128 12 21 2498650.500800741 (2128, 12, 21, 15, 15, 41.7062982916832) (2128, 12, 21, 23, 11, 35.12913376092911)
2929 12 22 2791210.500800741 (2929, 12, 22, 0, 6, 59.38135027885437) (2929, 12, 22, 2, 59, 57.13600426912308)

2128-1384 = 744 年
2929-2128 = 801 年

天下紀一: 1384-12-21 JD: 2,226,910.5
天下紀曆元(第0紀):    JD:   613,270.5
差:                 JD: 1,613,640

----

## UTC+8 時間

1384 12 21 2226910.5004882407 (1384, 12, 21, 0, 17, 7.50607430934906) (1384, 12, 21, 7, 34, 54.63340491056442)
2929 12 22 2791210.500800741 (2929, 12, 22, 0, 6, 59.38135027885437) (2929, 12, 22, 2, 59, 57.13600426912308)
